3 0.382812 0.755208 0.200000 0.489583
3 0.275781 0.558333 0.217188 0.258333
3 0.103906 0.515625 0.198437 0.335417
3 0.621094 0.556250 0.107813 0.312500
3 0.706250 0.536458 0.146875 0.314583
3 0.868750 0.489583 0.246875 0.225000
3 0.921094 0.493750 0.157812 0.212500
3 0.360156 0.425000 0.167187 0.216667
3 0.489844 0.425000 0.070312 0.208333
3 0.428125 0.422917 0.068750 0.162500
3 0.299219 0.375000 0.101562 0.054167
3 0.217188 0.356250 0.040625 0.129167
3 0.178906 0.354167 0.057813 0.116667
3 0.126562 0.343750 0.050000 0.100000
3 0.069531 0.378125 0.135937 0.089583
3 0.082031 0.323958 0.064062 0.047917
3 0.524219 0.346875 0.073438 0.077083
3 0.597656 0.376042 0.045312 0.081250
3 0.635156 0.365625 0.054688 0.106250
3 0.667969 0.342708 0.051562 0.081250
3 0.728906 0.347917 0.054688 0.087500
3 0.760938 0.354167 0.046875 0.066667
3 0.797656 0.345833 0.045312 0.087500
3 0.836719 0.358333 0.045312 0.075000
3 0.894531 0.366667 0.045312 0.062500
